remaining-scripts/declination/anomalies.grd
ncols 93
nrows 61
xllcorner 474000
yllcorner 60000
cellsize 4000
nodata_value -9999
[rows 22 to 43 of 61, columns 0 to 48 of 93]
-2.2999999999999998 -2.3999999999999999 -2.7999999999999998 -2.8999999999999999 -2.7999999999999998 -3.2000000000000002 -3.3999999999999999 -3.3999999999999999 -3.2999999999999998 -3.2000000000000002 -2.7999999999999998 -2.2999999999999998 -1.8 -1.3999999999999999 -0.90000000000000002 -0.5 0 0.20000000000000001 0.69999999999999996 2 2.7999999999999998 2.2999999999999998 0.59999999999999998 0.5 0.29999999999999999 0 1.1000000000000001 0.90000000000000002 0.40000000000000002 0.69999999999999996 -0.10000000000000001 -0.80000000000000004 -1.6000000000000001 -0.69999999999999996 -0.10000000000000001 0.5 0.69999999999999996 0 -0.5 -0.10000000000000001 0.80000000000000004 1.6000000000000001 2.1000000000000001 2 1.8999999999999999 1.6000000000000001 1 0.10000000000000001 -0.69999999999999996
-2.5 -2.5 -2.8999999999999999 -3 -2.8999999999999999 -3.1000000000000001 -3.3999999999999999 -3.3999999999999999 -3.3999999999999999 -3.2000000000000002 -2.7000000000000002 -2.2000000000000002 -1.6000000000000001 -1.3 -0.90000000000000002 -0.5 0 -0.10000000000000001 -0.20000000000000001 0.80000000000000004 1.5 0.69999999999999996 -1.3 -1.8 0.5 2.3999999999999999 3.6000000000000001 1.8 0.59999999999999998 -0.29999999999999999 -1.1000000000000001 -1.8 -1.8999999999999999 -1.3 -0.5 0.29999999999999999 0.59999999999999998 0 -0.40000000000000002 0.20000000000000001 0.69999999999999996 1.2 1.5 1.5 1.3999999999999999 1.3 0.80000000000000004 0.20000000000000001 -0.5
-2 -1.8999999999999999 -2.2999999999999998 -2.3999999999999999 -2.3999999999999999 -2.7000000000000002 -2.8999999999999999 -3.2999999999999998 -3.5 -3.2999999999999998 -2.7000000000000002 -2 -1.3999999999999999 -1.1000000000000001 -0.90000000000000002 -0.40000000000000002 0 0.10000000000000001 -0.20000000000000001 0 -0.40000000000000002 -0.20000000000000001 -0.59999999999999998 0.10000000000000001 1.6000000000000001 1.7 2.1000000000000001 1.5 0.40000000000000002 -1.1000000000000001 -1.8999999999999999 -2 -2 -1.3999999999999999 -0.59999999999999998 -0.10000000000000001 -0.20000000000000001 -0.69999999999999996 -1.1000000000000001 -0.59999999999999998 0.20000000000000001 0.69999999999999996 1.1000000000000001 0.69999999999999996 0.90000000000000002 1.1000000000000001 0.90000000000000002 0.20000000000000001 -0.29999999999999999
-2.1000000000000001 -2.2000000000000002 -1.8 -2.1000000000000001 -2 -2.2999999999999998 -2.6000000000000001 -3 -3.2000000000000002 -3.1000000000000001 -2.5 -1.8 -1 -0.90000000000000002 -0.90000000000000002 -0.40000000000000002 0.29999999999999999 0.80000000000000004 0.40000000000000002 -0.5 -0.69999999999999996 -0.40000000000000002 0.29999999999999999 1.5 2.2999999999999998 1.2 1.2 1 0.10000000000000001 -0.90000000000000002 -1.6000000000000001 -1.8 -1.7 -1.7 -0.10000000000000001 -0.29999999999999999 -0.80000000000000004 -1.3 -1.8 -1.5 -0.5 0.29999999999999999 0.80000000000000004 0.5 0.59999999999999998 0.80000000000000004 0.80000000000000004 0.10000000000000001 -0.40000000000000002
-1.8 -1.8999999999999999 -2 -2.1000000000000001 -1.6000000000000001 -2.1000000000000001 -2.2999999999999998 -2.6000000000000001 -2.7999999999999998 -2.7000000000000002 -2.5 -2 -1.5 -1.3999999999999999 -1.3 -0.59999999999999998 0.5 1.3 0.29999999999999999 -2.7999999999999998 -2.1000000000000001 -0.90000000000000002 0.20000000000000001 1.3 0.80000000000000004 0.40000000000000002 0.80000000000000004 0.90000000000000002 0.29999999999999999 -0.40000000000000002 -0.80000000000000004 -0.69999999999999996 -0.69999999999999996 -0.29999999999999999 0.5 -0.20000000000000001 -1.2 -1.6000000000000001 -1.7 -1.3999999999999999 -0.69999999999999996 -0.20000000000000001 0.20000000000000001 0.29999999999999999 0.5 0.59999999999999998 0.40000000000000002 -0.10000000000000001 -0.59999999999999998
-1.3999999999999999 -1.5 -1.6000000000000001 -1.7 -1.1000000000000001 -1.8 -1.8 -2.1000000000000001 -2.2999999999999998 -2.3999999999999999 -2.5 -2.3999999999999999 -2.2000000000000002 -2 -1.6000000000000001 -0.69999999999999996 0.59999999999999998 1 -0.29999999999999999 -2.6000000000000001 -3.2000000000000002 -2 -0.90000000000000002 0 -0.10000000000000001 -0.29999999999999999 0.10000000000000001 0.29999999999999999 0.10000000000000001 0 0.10000000000000001 0.20000000000000001 0.29999999999999999 0.69999999999999996 0.80000000000000004 -0.10000000000000001 -1 -1.3 -1.3999999999999999 -1.2 -0.90000000000000002 -0.59999999999999998 -0.29999999999999999 0 0.40000000000000002 0.59999999999999998 0.29999999999999999 -0.20000000000000001 -0.69999999999999996
-1.3 -1.3 -1.3999999999999999 -1.3999999999999999 -1.3 -1.3 -1.5 -1.6000000000000001 -1.8 -2.1000000000000001 -2.5 -2.7000000000000002 -2.7000000000000002 -2.3999999999999999 -1.8 -0.80000000000000004 0.90000000000000002 1.3 0.20000000000000001 -1.6000000000000001 -3.5 -3.2999999999999998 -2.3999999999999999 -0.90000000000000002 0 -0.10000000000000001 -0.20000000000000001 -0.29999999999999999 -0.20000000000000001 0.20000000000000001 0.69999999999999996 0.90000000000000002 0.90000000000000002 1.2 1.3 0.40000000000000002 -0.20000000000000001 -0.59999999999999998 -0.90000000000000002 -1.1000000000000001 -1.1000000000000001 -0.90000000000000002 -0.69999999999999996 -0.10000000000000001 0.59999999999999998 0.80000000000000004 0.5 -0.10000000000000001 -0.40000000000000002
-1 -1 -1.1000000000000001 -1 -0.69999999999999996 -0.80000000000000004 -0.80000000000000004 -0.90000000000000002 -1.3999999999999999 -1.7 -2.1000000000000001 -2.6000000000000001 -2.8999999999999999 -2.6000000000000001 -1.6000000000000001 -0.29999999999999999 1.6000000000000001 2.5 1.5 0 -1.6000000000000001 -2.7000000000000002 -2.7000000000000002 -1.3 -0.10000000000000001 -0.20000000000000001 -0.5 -1 -0.5 0 0.80000000000000004 1.2 0.40000000000000002 0.29999999999999999 0.40000000000000002 0.40000000000000002 0.29999999999999999 0.29999999999999999 -0.20000000000000001 -0.69999999999999996 -1.1000000000000001 -0.69999999999999996 -0.59999999999999998 0.10000000000000001 1.6000000000000001 1.8 1.1000000000000001 0.10000000000000001 0
-0.80000000000000004 -0.59999999999999998 -0.69999999999999996 -0.5 -0.29999999999999999 -0.69999999999999996 -0.5 -0.40000000000000002 -0.5 -0.90000000000000002 -1.3999999999999999 -2 -2.2999999999999998 -2 -1 0.40000000000000002 2.5 3.8999999999999999 2.7999999999999998 1.8999999999999999 1 -0.40000000000000002 -1.3999999999999999 -1.8 -1.3 -0.59999999999999998 -0.40000000000000002 -0.69999999999999996 -0.69999999999999996 -0.59999999999999998 -0.40000000000000002 1.2 -2.6000000000000001 -2 -0.59999999999999998 0.20000000000000001 0.59999999999999998 0.69999999999999996 0.40000000000000002 0 -0.10000000000000001 0.40000000000000002 0.90000000000000002 2.2000000000000002 3.8999999999999999 3.7999999999999998 2.1000000000000001 0.20000000000000001 0
-0.69999999999999996 -0.5 -0.59999999999999998 -0.29999999999999999 0.10000000000000001 0 0.10000000000000001 0.5 0.40000000000000002 0 -0.5 -1.3 -1.2 -0.69999999999999996 -0.20000000000000001 0.69999999999999996 2 2.7999999999999998 3.2000000000000002 3.5 3.2000000000000002 1.6000000000000001 -0.5 -2.1000000000000001 -2.2000000000000002 -0.80000000000000004 0 -0.5 -0.90000000000000002 -1.3999999999999999 -3 -10.699999999999999 -8 -3.5 -1 0.29999999999999999 0.80000000000000004 1 0.90000000000000002 0.90000000000000002 1.2 1.8999999999999999 3 4.7999999999999998 7.4000000000000004 6.2000000000000002 3.2000000000000002 0.90000000000000002 0.5
-0.40000000000000002 -0.29999999999999999 -0.29999999999999999 0.10000000000000001 0.59999999999999998 0.69999999999999996 0.90000000000000002 1.5 1.3999999999999999 0.80000000000000004 0.20000000000000001 -0.5 0.40000000000000002 1.7 1.3999999999999999 1.2 1.8 1.8 3.7999999999999998 4.7000000000000002 4.0999999999999996 2 0.20000000000000001 -1.8 -2.2999999999999998 -1.5 -0.59999999999999998 -1 -1.2 -1.3999999999999999 -1.8 -1.5 -4.4000000000000004 -2.5 -0.29999999999999999 0.80000000000000004 1 1.3 1.3999999999999999 1.5 2 3.1000000000000001 4 5.5999999999999996 7.4000000000000004 6.2999999999999998 3.5 1.1000000000000001 0.59999999999999998
-0.40000000000000002 -0.20000000000000001 0.20000000000000001 0.59999999999999998 0.80000000000000004 1.3 1.8 2.1000000000000001 2.1000000000000001 2 1.8999999999999999 2 4.7000000000000002 6.0999999999999996 4.2000000000000002 2 3.7999999999999998 4.7999999999999998 7.2999999999999998 6.5999999999999996 3.8999999999999999 1.8999999999999999 0.40000000000000002 -1.8 -3.1000000000000001 -2.7999999999999998 -2.2999999999999998 -2.1000000000000001 -1.7 -1.3 -0.80000000000000004 -0.59999999999999998 -1 -0.59999999999999998 0.40000000000000002 1 0.90000000000000002 1.1000000000000001 1.3999999999999999 1.7 1.8999999999999999 2.3999999999999999 3.3999999999999999 5 6.2000000000000002 5.5999999999999996 3.1000000000000001 0.20000000000000001 -0.59999999999999998
-0.29999999999999999 0 0.29999999999999999 0.69999999999999996 1.2 1.8 2.3999999999999999 2.7000000000000002 2.7000000000000002 2.8999999999999999 3.8999999999999999 6.4000000000000004 11 12.1 9.3000000000000007 7.5999999999999996 7.9000000000000004 7.4000000000000004 7.7000000000000002 4.4000000000000004 0.5 -0.10000000000000001 1 -2.3999999999999999 -4.2999999999999998 -4.2999999999999998 -3.7999999999999998 -3.2000000000000002 -2.2000000000000002 -1.3999999999999999 -0.59999999999999998 0 0.59999999999999998 0.59999999999999998 0.90000000000000002 0.69999999999999996 0.29999999999999999 0.20000000000000001 1.1000000000000001 1.6000000000000001 1.2 1.2 1.8999999999999999 4.4000000000000004 6.2999999999999998 6.0999999999999996 3.7999999999999998 -0.10000000000000001 -1.7
-1.1000000000000001 -0.5 0.5 0.59999999999999998 1.2 2.2000000000000002 3.2000000000000002 3.3999999999999999 3.2000000000000002 3.2000000000000002 5 8.8000000000000007 11.300000000000001 12 13.9 13.6 10.9 5.2999999999999998 0.10000000000000001 -3.5 -5.7999999999999998 -5.2000000000000002 -1.8999999999999999 -4.2999999999999998 -5.9000000000000004 -5.4000000000000004 -4.4000000000000004 -3.5 -2.5 -1.5 -0.59999999999999998 0.10000000000000001 0.69999999999999996 1.2 1.5 1 -0.69999999999999996 -1.1000000000000001 -0.20000000000000001 0.29999999999999999 0.29999999999999999 0.80000000000000004 1.8 5.2000000000000002 7.7999999999999998 8.5999999999999996 6.0999999999999996 2.2000000000000002 -1.1000000000000001
0.40000000000000002 0.59999999999999998 0.69999999999999996 1 1.2 2.3999999999999999 3.8999999999999999 4.0999999999999996 3.5 3.2999999999999998 5.2999999999999998 11.800000000000001 14.300000000000001 14.699999999999999 17.699999999999999 17 11.699999999999999 1.1000000000000001 -8.8000000000000007 -12.199999999999999 -11.9 -10.5 -5.7000000000000002 -7.9000000000000004 -8.0999999999999996 -6.0999999999999996 -4.5 -3.5 -2.7999999999999998 -1.6000000000000001 -0.59999999999999998 0.10000000000000001 0.69999999999999996 1.5 2.3999999999999999 2 -1 -1.8999999999999999 -1 -0.69999999999999996 -0.5 1.8 4.4000000000000004 7.4000000000000004 10.199999999999999 12.6 9.0999999999999996 4.5 0.80000000000000004
0.20000000000000001 0.40000000000000002 0.69999999999999996 1 1.3 2.5 3.7000000000000002 4.0999999999999996 3.7000000000000002 3.7000000000000002 5.5 12.4 17.899999999999999 20.899999999999999 21.399999999999999 16.699999999999999 8.5999999999999996 -3.3999999999999999 -15.800000000000001 -18 -13.300000000000001 -10.5 -0.20000000000000001 -5.5 -7.0999999999999996 -5.7999999999999998 -4.2000000000000002 -3.2000000000000002 -2.5 -1.3999999999999999 -0.29999999999999999 0.40000000000000002 0.69999999999999996 1.6000000000000001 2.1000000000000001 1.3999999999999999 -0.5 -0.90000000000000002 -0.29999999999999999 0.29999999999999999 1.3999999999999999 4.0999999999999996 7.2999999999999998 9.9000000000000004 11.5 11.9 9.5999999999999996 6.2000000000000002 3.5
0.40000000000000002 0.69999999999999996 1 1.3999999999999999 1.8999999999999999 2.7999999999999998 3.7000000000000002 4.2000000000000002 3.7999999999999998 3.5 3.6000000000000001 8.1999999999999993 15.6 20.800000000000001 20.600000000000001 13.4 4.2999999999999998 -6.2999999999999998 -17.100000000000001 -21.5 -10.800000000000001 -4.2999999999999998 -5.5999999999999996 -5.7000000000000002 -5.9000000000000004 -4.9000000000000004 -3.6000000000000001 -3.2000000000000002 -2.5 -1.1000000000000001 0.29999999999999999 1.3 1.8999999999999999 2.2999999999999998 2.1000000000000001 0.80000000000000004 -0.40000000000000002 0.5 1.5 2.7000000000000002 4.5999999999999996 7.2000000000000002 10.1 12.199999999999999 12.1 10.9 9 7 5.9000000000000004
0.40000000000000002 0.80000000000000004 1.2 1.7 2.2999999999999998 2.8999999999999999 3.7000000000000002 4.5 4 3.8999999999999999 4.7999999999999998 7.9000000000000004 12.5 15.4 14.1 8.5 0.80000000000000004 -7.7000000000000002 -15.199999999999999 -18.300000000000001 -14.9 -17.5 -13.199999999999999 -7.7999999999999998 -5.7999999999999998 -4.5 -3.7999999999999998 -3.2000000000000002 -2.3999999999999999 -0.5 1.2 2.6000000000000001 3.2999999999999998 3.7000000000000002 3.5 2.3999999999999999 1.8999999999999999 2.6000000000000001 3.7999999999999998 5.4000000000000004 7.5999999999999996 10.199999999999999 12.4 13.4 12.699999999999999 10.4 8 7.2000000000000002 7.2000000000000002
0.59999999999999998 0.90000000000000002 1.3999999999999999 1.8999999999999999 2.2999999999999998 2.3999999999999999 2.6000000000000001 3.2000000000000002 3.6000000000000001 4.2999999999999998 5.5999999999999996 7.5999999999999996 9.9000000000000004 10.800000000000001 8.9000000000000004 4.0999999999999996 -2.1000000000000001 -7.5 -12 -13.699999999999999 -13.300000000000001 -13.199999999999999 -10.6 -6.5 -3.8999999999999999 -3.5 -3.7999999999999998 -2.7000000000000002 -1 1 2.7999999999999998 4.0999999999999996 4.9000000000000004 5.4000000000000004 5.7000000000000002 5.2999999999999998 4.9000000000000004 5.2000000000000002 6.2000000000000002 7.9000000000000004 10.300000000000001 13.1 15.199999999999999 15.699999999999999 14.1 11.1 8.4000000000000004 7.7000000000000002 7.7000000000000002
0.5 0.80000000000000004 1.2 1.7 2 1.2 0.90000000000000002 1.3999999999999999 2.6000000000000001 4.2000000000000002 5.7999999999999998 6.7999999999999998 7.7000000000000002 7.5 5.0999999999999996 0.90000000000000002 -4 -6.9000000000000004 -9 -9.1999999999999993 -7.9000000000000004 -7 -5.5 -2.7999999999999998 -0.59999999999999998 -1.5 -2.3999999999999999 -1.2 0.90000000000000002 2.8999999999999999 4.5999999999999996 5.7000000000000002 6.2000000000000002 6.9000000000000004 8 8 7.0999999999999996 7.4000000000000004 8.4000000000000004 10.199999999999999 12.6 15.699999999999999 18.199999999999999 18.600000000000001 16.300000000000001 13 10.1 8 7.5999999999999996
0 0.29999999999999999 0.5 0.69999999999999996 0.5 -0.29999999999999999 -1.2 -0.80000000000000004 1.3999999999999999 3.7000000000000002 5.5999999999999996 5.7000000000000002 5.5999999999999996 4.7999999999999998 2.7000000000000002 -0.40000000000000002 -3.6000000000000001 -5.5 -6.5999999999999996 -5.9000000000000004 -4 -2.5 -1.5 -0.29999999999999999 0.80000000000000004 -0.5 -0.90000000000000002 0.5 2.7999999999999998 4.4000000000000004 5.9000000000000004 6.7999999999999998 6.5 7.2000000000000002 8.5 8.8000000000000007 8.0999999999999996 8.5 9.5999999999999996 11.5 14.1 17.199999999999999 20.800000000000001 21.899999999999999 17.800000000000001 14 10.6 7.5 5.7999999999999998
-0.10000000000000001 -0.29999999999999999 -0.20000000000000001 -0.29999999999999999 -0.69999999999999996 -1.3999999999999999 -2.3999999999999999 -1.8 0.5 2.6000000000000001 4 4.2999999999999998 3.8999999999999999 2.8999999999999999 1.2 -1 -3.1000000000000001 -4.7000000000000002 -5.0999999999999996 -3.7000000000000002 -1.2 1 1.2 0 -1.5 -2 -1 1.2 3.3999999999999999 4.7000000000000002 5.4000000000000004 5.5 5.2999999999999998 6 6.9000000000000004 7.2999999999999998 7.5999999999999996 8.1999999999999993 9.8000000000000007 11.9 14.1 16.699999999999999 19.300000000000001 20.199999999999999 17.600000000000001 14 10.1 6.0999999999999996 2.7999999999999998
