remaining-scripts/declination/anomalies.grd
ncols 93
nrows 61
xllcorner 474000
yllcorner 60000
cellsize 4000
nodata_value -9999
[rows 0 to 21 of 61, columns 0 to 48 of 93]
0.40000000000000002 1.3999999999999999 1.6000000000000001 1.6000000000000001 2.1000000000000001 2 2 2.1000000000000001 2 0.59999999999999998 1 1 1.5 1.7 1.8 1.6000000000000001 1.6000000000000001 1.5 1.8 2 2 2.2999999999999998 2.2000000000000002 2.2999999999999998 2.6000000000000001 2.5 0.59999999999999998 0.40000000000000002 0.10000000000000001 1.3 0.90000000000000002 0.69999999999999996 -1.3 -1.6000000000000001 -1.8 -1.3999999999999999 -1.6000000000000001 -1.7 -1.1000000000000001 -1.3 -1 -0.59999999999999998 0.20000000000000001 0.5 0.90000000000000002 1.3999999999999999 1.8999999999999999 2 2.2000000000000002
0.5 0.5 1.5 1.6000000000000001 2 1.8999999999999999 2 2 2 0.59999999999999998 0.90000000000000002 1.1000000000000001 1.5 1.7 1.8 1.6000000000000001 1.7 1.5 1.8 2.1000000000000001 2 2.2999999999999998 2.2000000000000002 2.2999999999999998 2.2999999999999998 2.2999999999999998 1.5 1.3 1.2 1.3999999999999999 1 0.80000000000000004 -1.2 -1.6000000000000001 -1.8999999999999999 -1.3 -1.6000000000000001 -1.6000000000000001 -1.8999999999999999 -1.6000000000000001 -1.1000000000000001 -0.5 0.10000000000000001 0.59999999999999998 1 1.5 1.7 2 2.3999999999999999
0.40000000000000002 0.40000000000000002 0.5 1.5 1.8999999999999999 1.8 1.8999999999999999 2 1.8999999999999999 0.5 0.80000000000000004 1 1.3999999999999999 1.6000000000000001 1.5 1.6000000000000001 1.6000000000000001 1.5 1.8 2 2.1000000000000001 2.2000000000000002 2.2000000000000002 2.2000000000000002 2.2000000000000002 2.2000000000000002 1.5 1.3999999999999999 1.2 1.2 1 0.80000000000000004 -1.1000000000000001 -1.5 -1.8999999999999999 -1.8999999999999999 -2 -2.1000000000000001 -2.2999999999999998 -1.8999999999999999 -1.2 -0.5 0.10000000000000001 0.59999999999999998 1.2 1.7 1.8 2.1000000000000001 2.5
-0.69999999999999996 0 0.20000000000000001 0.20000000000000001 1.3999999999999999 1.6000000000000001 1.6000000000000001 1.7 1.6000000000000001 0.20000000000000001 0.59999999999999998 0.69999999999999996 1.3 1.3999999999999999 1.3 1.3 1.3999999999999999 1.3 1.6000000000000001 1.8 1.8999999999999999 2 2 2 2 1.8999999999999999 1.6000000000000001 1.5 1.3999999999999999 1.1000000000000001 -0.10000000000000001 -0.40000000000000002 -0.59999999999999998 -0.59999999999999998 -1.1000000000000001 -1.8 -2.6000000000000001 -2.8999999999999999 -2.8999999999999999 -2.2999999999999998 -1.3999999999999999 -0.59999999999999998 -0.10000000000000001 0.59999999999999998 1.2 1.8999999999999999 2.3999999999999999 2.3999999999999999 2.5
-1.3 -1.3999999999999999 0.10000000000000001 0.10000000000000001 0.29999999999999999 1.3 1.3 1.6000000000000001 1.5 0.10000000000000001 0.5 0.59999999999999998 1.2 1.3 1.2 1.3 1.3 1.2 1.6000000000000001 1.8 1.7 1.8 1.8 1.8999999999999999 1.8999999999999999 1.8 1.6000000000000001 1.5 1.3 1.1000000000000001 0.90000000000000002 -0.10000000000000001 -0.40000000000000002 -0.40000000000000002 -1 -1.8999999999999999 -3 -3.6000000000000001 -3.6000000000000001 -2.7999999999999998 -1.8 -1 -0.29999999999999999 0.5 1.3999999999999999 2.2000000000000002 2.3999999999999999 2.7000000000000002 3
-1.7 -1.7 -1.5 -0.20000000000000001 0 1 1 1.1000000000000001 1 -0.20000000000000001 0.20000000000000001 0.29999999999999999 0.90000000000000002 1 1 1.1000000000000001 1.1000000000000001 1.1000000000000001 1.3999999999999999 1.7 1.7 1.8 1.7 1.8 1.7 1.7 1.5 1.3999999999999999 1.3 1 0.90000000000000002 0.80000000000000004 0.10000000000000001 -0.20000000000000001 -0.5 -1.6000000000000001 -3.1000000000000001 -4.4000000000000004 -4.2999999999999998 -2.8999999999999999 -1.7 -1.1000000000000001 -0.59999999999999998 0.29999999999999999 1.5 2.6000000000000001 2.8999999999999999 3.2000000000000002 3.2000000000000002
-2.2999999999999998 -1.8 -1.6000000000000001 -1.5 -1.3 -0.10000000000000001 0.90000000000000002 1.3 1.2 -0.20000000000000001 0 0.10000000000000001 0.90000000000000002 1 1 1.1000000000000001 1.1000000000000001 1.1000000000000001 1.5 1.7 1.7 1.7 1.7 1.6000000000000001 1.6000000000000001 1.5 1.3999999999999999 1.3 1.1000000000000001 1 1 1 0.90000000000000002 0.59999999999999998 0.29999999999999999 -0.40000000000000002 -2.2000000000000002 -4.9000000000000004 -4.5999999999999996 -1.7 -0.69999999999999996 -0.90000000000000002 -0.90000000000000002 -0.20000000000000001 1.6000000000000001 3.2999999999999998 4 3.3999999999999999 3
-1.8 -1.6000000000000001 -1.3999999999999999 -0.90000000000000002 -0.69999999999999996 -0.59999999999999998 0.59999999999999998 1.7 1.5 0.10000000000000001 0.40000000000000002 0.40000000000000002 0.90000000000000002 0.90000000000000002 0.90000000000000002 1 1.1000000000000001 1.1000000000000001 1.3999999999999999 1.6000000000000001 1.7 1.7 1.6000000000000001 1.3999999999999999 1.2 1.2 1.1000000000000001 0.90000000000000002 0.90000000000000002 0.90000000000000002 0.90000000000000002 1.1000000000000001 1.2 1.3999999999999999 1.6000000000000001 1.7 0.40000000000000002 -1.5 -0.59999999999999998 2 1.3999999999999999 -0.69999999999999996 -1.3 -0.29999999999999999 1.7 3.7999999999999998 4.7000000000000002 2.7999999999999998 2.1000000000000001
-2.5 -2.7999999999999998 -2.3999999999999999 -2.3999999999999999 -1.6000000000000001 -1.6000000000000001 -1.5 0.69999999999999996 0.5 -0.59999999999999998 -0.29999999999999999 -0.20000000000000001 0.20000000000000001 0.29999999999999999 0.29999999999999999 0.40000000000000002 0.59999999999999998 0.90000000000000002 1 1.3 1.3999999999999999 1.6000000000000001 1.2 0.90000000000000002 0.69999999999999996 0.59999999999999998 0.59999999999999998 0.5 0.59999999999999998 0.59999999999999998 1 1.2 1.3999999999999999 1.8 2.3999999999999999 3.5 3.1000000000000001 2.6000000000000001 4.2999999999999998 7.9000000000000004 3.7000000000000002 -2 -2.2000000000000002 -0.40000000000000002 1.6000000000000001 3.1000000000000001 2.8999999999999999 0.69999999999999996 0.5
-4.5 -4.4000000000000004 -4.2999999999999998 -4.2000000000000002 -3.7999999999999998 -3.2000000000000002 -3.1000000000000001 -2.1000000000000001 -2 -2.2000000000000002 -1.7 -1.2 -0.69999999999999996 -0.69999999999999996 -0.5 -0.29999999999999999 0 0.29999999999999999 0.5 0.69999999999999996 1 1.1000000000000001 0.59999999999999998 0.29999999999999999 0.10000000000000001 0.10000000000000001 0 0 0.10000000000000001 0.29999999999999999 0.80000000000000004 1.2 1.3999999999999999 1.6000000000000001 2 2.7999999999999998 3.3999999999999999 4 5.5999999999999996 7 2.8999999999999999 -3.7999999999999998 -2.2999999999999998 -0.10000000000000001 1.8 2.7000000000000002 1.8999999999999999 0.10000000000000001 0.40000000000000002
-4.5 -4.4000000000000004 -4.2999999999999998 -4.2000000000000002 -3.7999999999999998 -3.7000000000000002 -3.1000000000000001 -3.1000000000000001 -2.8999999999999999 -2.2999999999999998 -1.8999999999999999 -1.7 -0.90000000000000002 -0.80000000000000004 -0.59999999999999998 -0.5 -0.29999999999999999 0.10000000000000001 0.20000000000000001 0.29999999999999999 0.29999999999999999 0.10000000000000001 -0.20000000000000001 -0.59999999999999998 -0.59999999999999998 -0.59999999999999998 -0.5 -0.59999999999999998 -0.59999999999999998 -0.20000000000000001 0.5 1.3 1.3 1 0.90000000000000002 1.7 2.6000000000000001 3.5 4.4000000000000004 4.2999999999999998 2.2000000000000002 -0.20000000000000001 -0.20000000000000001 0.90000000000000002 2.1000000000000001 2.7999999999999998 2.1000000000000001 1.8 2.6000000000000001
-2.2000000000000002 -2.2000000000000002 -2 -2 -1.7 -1.6000000000000001 -1.6000000000000001 -1.3999999999999999 -1.3 -1.3999999999999999 -1.1000000000000001 -1 -0.59999999999999998 -0.40000000000000002 -0.29999999999999999 -0.20000000000000001 0 0.20000000000000001 0.10000000000000001 -0.10000000000000001 -0.29999999999999999 -0.69999999999999996 -1.1000000000000001 -1.3999999999999999 -1.3 -1.1000000000000001 -0.90000000000000002 -1.1000000000000001 -1.3 -1 0 1.1000000000000001 1 0.5 -0.10000000000000001 0.69999999999999996 1.5 2.2000000000000002 2.7000000000000002 2.6000000000000001 1.8999999999999999 1.6000000000000001 1.8999999999999999 1.6000000000000001 1.8999999999999999 2.2000000000000002 2.1000000000000001 2.2000000000000002 2.6000000000000001
-2.3999999999999999 -2.2999999999999998 -2.1000000000000001 -2.1000000000000001 -1.8999999999999999 -1.8 -1.7 -1.8 -1.5 -1.8 -1.5 -1.2 -0.80000000000000004 -0.80000000000000004 -0.5 -0.5 -0.5 -0.20000000000000001 -0.29999999999999999 -0.40000000000000002 -0.80000000000000004 -1.3999999999999999 -2 -2.2000000000000002 -1.8 -1.3 -1.1000000000000001 -1.3999999999999999 -2 -2 -0.69999999999999996 0.29999999999999999 0.59999999999999998 0.5 0.20000000000000001 0.20000000000000001 0.5 0.80000000000000004 1.1000000000000001 1.1000000000000001 1.2 1.5 1.7 1.3999999999999999 1.3999999999999999 1.5 1.6000000000000001 1.8 1.7
-2.1000000000000001 -2 -1.8 -1.8 -1.6000000000000001 -1.6000000000000001 -1.6000000000000001 -1.7 -1.3999999999999999 -1.7 -1.3999999999999999 -1.3 -1 -1 -0.90000000000000002 -1.1000000000000001 -0.90000000000000002 -0.69999999999999996 -0.80000000000000004 -0.80000000000000004 -1.2 -1.8999999999999999 -2.7000000000000002 -2.7999999999999998 -2 -1.2 -0.90000000000000002 -1.1000000000000001 -1.5 -1.3999999999999999 -0.69999999999999996 0 0.59999999999999998 0.69999999999999996 0.5 0.10000000000000001 -0.40000000000000002 -0.10000000000000001 -0.20000000000000001 -0.29999999999999999 0.20000000000000001 0.69999999999999996 0.80000000000000004 0.59999999999999998 0.59999999999999998 0.69999999999999996 1.1000000000000001 1.3999999999999999 1.3
-2.1000000000000001 -2.2000000000000002 -2 -2 -1.8 -1.8 -1.8 -1.8 -1.8 -1.8999999999999999 -1.6000000000000001 -1.5 -1.2 -1.2 -1.2 -1.2 -1.2 -1.1000000000000001 -1.2 -1.3 -1.6000000000000001 -2.1000000000000001 -2.5 -2.6000000000000001 -2.1000000000000001 -1 -0.20000000000000001 -0.40000000000000002 -0.59999999999999998 -0.59999999999999998 -0.29999999999999999 0.10000000000000001 0.69999999999999996 1.2 1.1000000000000001 0.59999999999999998 0 -0.29999999999999999 -0.59999999999999998 -1 -0.20000000000000001 0.29999999999999999 0.10000000000000001 -0.29999999999999999 0.10000000000000001 0.40000000000000002 0.69999999999999996 1 1.3
-2.6000000000000001 -2.5 -2.3999999999999999 -2.3999999999999999 -2.2000000000000002 -2.2000000000000002 -2.2000000000000002 -2.2999999999999998 -2.2000000000000002 -2.2999999999999998 -2 -1.8999999999999999 -1.6000000000000001 -1.5 -1.5 -1.5 -1.7 -1.6000000000000001 -1.6000000000000001 -1.7 -1.8999999999999999 -2 -2.2000000000000002 -2.6000000000000001 -2.5 -1.7 -0.69999999999999996 -0.20000000000000001 0.29999999999999999 0.29999999999999999 0.10000000000000001 0.20000000000000001 0.90000000000000002 1.8 2.1000000000000001 1.5 0.69999999999999996 0.20000000000000001 -0.10000000000000001 0 0.40000000000000002 0.80000000000000004 0.59999999999999998 0.29999999999999999 0.20000000000000001 0.29999999999999999 0.40000000000000002 0.59999999999999998 0.69999999999999996
-2.7000000000000002 -2.6000000000000001 -2.2999999999999998 -2.5 -2.2999999999999998 -2.2999999999999998 -2.2999999999999998 -2.3999999999999999 -2.2999999999999998 -2.3999999999999999 -2.1000000000000001 -2.1000000000000001 -1.7 -1.7 -1.7 -1.8999999999999999 -1.8999999999999999 -1.8999999999999999 -2 -2 -2.1000000000000001 -2.1000000000000001 -2.2000000000000002 -3.1000000000000001 -3.7000000000000002 -2.8999999999999999 -1.6000000000000001 -0.29999999999999999 0.69999999999999996 1.2 0.69999999999999996 0 1 2.2999999999999998 3.2999999999999998 2.2000000000000002 1.2 0.69999999999999996 0.5 0.80000000000000004 1.5 2 1.7 1.1000000000000001 0.59999999999999998 0.29999999999999999 0.10000000000000001 0.10000000000000001 0.20000000000000001
-0.69999999999999996 -2.2999999999999998 -1.8 -1.8999999999999999 -1.6000000000000001 -2 -2 -2.1000000000000001 -2.1000000000000001 -2.2000000000000002 -2 -1.8999999999999999 -1.6000000000000001 -1.8 -1.8 -1.8 -1.8999999999999999 -1.8999999999999999 -2.1000000000000001 -2.2000000000000002 -2.2000000000000002 -2.1000000000000001 -2.2000000000000002 -3.2999999999999998 -4.7000000000000002 -4 -2.3999999999999999 -0.40000000000000002 1.5 2.7999999999999998 2.6000000000000001 1.3999999999999999 1.3999999999999999 2.1000000000000001 2.7000000000000002 2.2999999999999998 1.5 1 0.80000000000000004 1.2 2.2000000000000002 3.2999999999999998 2.5 1.7 0.90000000000000002 0.20000000000000001 -0.29999999999999999 -0.40000000000000002 -0.29999999999999999
-0.90000000000000002 -1 -2 -2.1000000000000001 -1.8 -1.8 -2.2000000000000002 -2.2999999999999998 -2.2999999999999998 -2.2999999999999998 -2.1000000000000001 -2 -1.7 -1.6000000000000001 -1.8 -1.8 -1.8 -1.7 -1.8 -2.1000000000000001 -1.8999999999999999 -1.2 -1 -1.3999999999999999 -3.8999999999999999 -5.0999999999999996 -3.6000000000000001 -0.59999999999999998 2.3999999999999999 5.2000000000000002 6.2000000000000002 3.5 1.5 1.8 2.2000000000000002 2.1000000000000001 1.3999999999999999 0.80000000000000004 0.59999999999999998 1.1000000000000001 2 2.7999999999999998 2.7999999999999998 2.1000000000000001 1.2 0.20000000000000001 -0.59999999999999998 -0.69999999999999996 -0.69999999999999996
-2 -2.1000000000000001 -2.3999999999999999 -3.1000000000000001 -2.7999999999999998 -2.7999999999999998 -2.7999999999999998 -3 -2.8999999999999999 -3 -2.7000000000000002 -2.5 -2.1000000000000001 -1.8999999999999999 -1.7 -1.6000000000000001 -1.3 -1.1000000000000001 -0.90000000000000002 -0.80000000000000004 -0.20000000000000001 0.5 0.29999999999999999 -0.80000000000000004 -3.7000000000000002 -7 -5 -0.59999999999999998 2.8999999999999999 6.7999999999999998 11.5 5.5 1.6000000000000001 1.6000000000000001 2 2 1.1000000000000001 0.20000000000000001 -0.20000000000000001 0.40000000000000002 1.3999999999999999 2.2999999999999998 2.6000000000000001 2.2999999999999998 1.5 0.59999999999999998 -0.20000000000000001 -0.59999999999999998 -1
-2.2999999999999998 -2.3999999999999999 -2.7000000000000002 -2.7999999999999998 -3.1000000000000001 -3 -3 -3 -2.8999999999999999 -2.8999999999999999 -2.7999999999999998 -2.5 -2.1000000000000001 -1.7 -1.5 -1.1000000000000001 -0.80000000000000004 -0.29999999999999999 0.10000000000000001 0.80000000000000004 1.5 2.2999999999999998 1 -0.80000000000000004 -2.6000000000000001 -5.0999999999999996 -3.8999999999999999 -0.5 1.8999999999999999 4.7000000000000002 7.5 5.2000000000000002 2.1000000000000001 1.3 1.5 1.6000000000000001 0.69999999999999996 -0.5 -1.5 -0.5 0.90000000000000002 1.8999999999999999 2.3999999999999999 2.2999999999999998 1.8999999999999999 1.3 0.5 -0.29999999999999999 -1
-2.2999999999999998 -2.3999999999999999 -2.7999999999999998 -2.8999999999999999 -2.7999999999999998 -3.1000000000000001 -3.2000000000000002 -3.1000000000000001 -3 -3 -2.7000000000000002 -2.2999999999999998 -1.8999999999999999 -1.6000000000000001 -1.2 -0.69999999999999996 -0.29999999999999999 0.20000000000000001 0.80000000000000004 1.8 2.6000000000000001 2.7000000000000002 1.8 1.5 0.10000000000000001 -1.7 -1.3 -0.20000000000000001 0.10000000000000001 0 2.2000000000000002 1.8999999999999999 0.69999999999999996 0.40000000000000002 0.80000000000000004 0.90000000000000002 0.5 -0.59999999999999998 -1.3999999999999999 -0.5 0.69999999999999996 1.7 2.3999999999999999 2.2999999999999998 2.1000000000000001 1.8 1 0 -0.90000000000000002
